1000 28 
2000 37 
3000 104 
4000 65 
5000 76 
6000 178 
7000 119 
8000 106 
9000 242 
10000 127 
11000 153 
12000 302 
13000 177 
14000 196 
15000 355 
16000 191 
17000 215 
18000 419 
19000 230 
20000 231 
21000 547 
22000 272 
23000 258 
24000 518 
25000 264 
26000 301 
27000 568 
28000 370 
29000 303 
30000 602 
31000 317 
32000 312 
33000 743 
34000 370 
35000 423 
36000 708 
37000 370 
38000 388 
39000 821 
40000 389 
41000 400 
42000 984 
43000 417 
44000 452 
45000 839 
46000 451 
47000 433 
48000 869 
49000 566 
50000 450 
51000 978 
52000 522 
53000 488 
54000 983 
55000 569 
56000 603 
57000 1088 
58000 538 
59000 535 
60000 1084 
61000 567 
62000 573 
63000 1339 
64000 575 
65000 621 
66000 1284 
67000 609 
68000 624 
69000 1244 
70000 719 
71000 601 
72000 1239 
73000 660 
74000 630 
75000 1292 
76000 700 
77000 870 
78000 1394 
79000 662 
80000 652 
81000 1316 
82000 717 
83000 695 
84000 1662 
85000 754 
86000 707 
87000 1498 
88000 800 
89000 736 
90000 1471 
91000 967 
92000 789 
93000 1572 
94000 775 
95000 792 
96000 1534 
97000 773 
98000 940 
99000 1775 
