1000 18 
2000 28 
3000 69 
4000 52 
5000 63 
6000 195 
7000 84 
8000 121 
9000 90 
10000 92 
11000 108 
12000 116 
13000 151 
14000 131 
15000 290 
16000 149 
17000 153 
18000 209 
19000 190 
20000 180 
21000 190 
22000 190 
23000 180 
24000 395 
25000 211 
26000 204 
27000 512 
28000 274 
29000 220 
30000 238 
31000 241 
32000 258 
33000 338 
34000 303 
35000 262 
36000 308 
37000 271 
38000 284 
39000 647 
40000 289 
41000 376 
42000 301 
43000 307 
44000 321 
45000 327 
46000 337 
47000 341 
48000 353 
49000 362 
50000 395 
51000 343 
52000 359 
53000 376 
54000 390 
55000 466 
56000 375 
57000 476 
58000 461 
59000 394 
60000 442 
61000 481 
62000 426 
63000 568 
64000 441 
65000 448 
66000 429 
67000 437 
68000 452 
69000 454 
70000 529 
71000 493 
72000 446 
73000 484 
74000 484 
75000 471 
76000 600 
77000 489 
78000 975 
79000 512 
80000 517 
81000 1077 
82000 511 
83000 519 
84000 1117 
85000 569 
86000 525 
87000 1146 
88000 546 
89000 551 
90000 530 
91000 573 
92000 577 
93000 1157 
94000 643 
95000 574 
96000 636 
97000 796 
98000 615 
99000 1225 
